9050
1314
1760
861
1350
9099
5011
1077
2808
3344
9237
1633
4976
1697
683
441
771
975
509
6037
8557
4267
8006
7974
4198
2103
7085
4285
2177
7495
1254
7967
278
3154
176
5890
4040
1539
2906
1845
9334
2905
8366
2982
8957
2202
6592
9697
1862
5946
8649
1243
5235
4122
4380
4819
5977
2080
7641
2028
2879
8399
2044
9230
7899
1719
8635
3101
5946
1653
3123
9172
1743
804
2797
7902
2942
571
6162
8884
1100
3949
9229
6048
6867
3759
790
5074
392
9732
8127
8724
6821
4715
8663
3256
121
8599
4241
8530
9879
6211
135
9660
1666
5362
1221
4520
1635
2581
1747
3685
7964
3585
1358
6884
4904
8427
7672
1998
5129
6487
4516
8615
7663
2003
7721
497
8691
7884
8788
1114
9261
7937
143
5391
2297
9726
7102
7477
5355
1413
1802
6124
3015
4949
2722
5491
2528
285
3106
4363
8506
4412
8517
5645
9300
1723
4489
6350
6256
9890
2366
7789
6777
3689
1989
4566
4489
5667
7373
1672
4868
7514
1723
4637
9772
9614
3931
7088
9983
2638
4384
3197
157
6475
8317
5847
9432
9549
9054
4987
7451
8672
7957
2496
8948
2782
7053
924
347
2048
4182
4857
1965
5467
1676
2536
3262
2005
8947
7635
8715
8533
6151
4825
6004
795
56
2877
9437
1694
1195
9245
7339
4450
1468
2444
3980
4584
7559
9519
2766
6274
8719
9348
1588
6015
1725
4249
7961
7703
3529
1215
2537
421
495
6603
4108
1079
4076
6241
5681
1738
7182
8094
1427
8343
4539
2252
1340
8581
3942
3679
7783
1219
590
5543
308
3355
7704
4175
2461
1515
7122
175
2881
1812
1998
4714
6478
1554
2112
469
9995
4878
4154
4878
475
4731
1851
163
5459
6539
6345
8159
9847
1909
8791
1432
6529
1969
4308
46
6358
9324
2924
3208
314
7737
4003
3383
5316
5283
5374
6584
9476
1542
1727
5297
7009
6456
6645
7491
1583
2329
9104
2429
6153
957
4494
576
7588
9566
2863
6476
7815
2132
8685
9341
793
2429
2609
666
4443
4400
5506
2776
8472
3285
284
2682
7899
8616
6549
190
9245
962
5980
5439
5140
8645
1665
7334
1070
1942
6092
679
3303
5091
7199
1321
4353
4685
6067
1546
4369
4387
9627
7905
5037
391
9752
9547
7230
875
8686
7479
2543
5452
5314
6213
1658
7291
9510
89
9328
8302
3915
9532
5616
6893
5654
4485
9744
9437
2615
6495
8126
7304
5757
3129
5003
2821
6153
189
8933
4867
7773
944
8149
6201
6439
1272
1272
5517
7059
8162
3424
5495
5845
3482
4771
7507
2181
2586
8963
2353
2978
6786
2971
9648
1399
3552
5044
812
382
7188
6247
8664
4376
1354
228
7386
6245
3301
1197
7112
9782
9598
9310
5872
9709
7125
4825
5680
5648
6907
5971
3107
3698
5804
6751
4603
7333
7881
9996
5169
7541
8693
7945
3077
279
6777
8305
824
4839
14
5739
3880
1575
8637
7572
6190
4048
2617
8813
4898
4625
7091
8711
9717
794
2683
6660
7114
8763
9021
6499
9772
4922
6698
9636
6654
2154
6089
690
3041
8503
7062
1496
108
812
9745
3765
2258
9960
9304
4626
9832
6548
4242
2761
8783
9267
2771
7633
7755
5165
7479
1424
6344
111
1102
3945
9916
4329
4938
9497
6268
7132
7058
5801
6209
9366
7693
8362
3330
5231
372
6604
6050
2312
4995
9362
7405
9537
7023
2498
526
464
3133
3802
1286
7282
6078
5337
99
3421
6015
1131
6039
5877
2226
1594
5773
7976
3686
8042
2186
6541
5757
6670
9346
7212
3529
5674
344
241
8754
620
1071
8850
6551
3483
2069
1715
454
1763
4297
1704
3368
7897
1053
6110
9251
8754
3599
5925
8736
9356
9758
5035
2157
1215
5366
6180
947
4345
1583
6236
4222
5328
1094
5354
9099
2275
7752
2254
500
2680
8017
6885
3467
2213
4162
1480
6551
9129
7094
7356
4334
4731
8467
2264
3929
9950
2501
7119
2938
6995
36
2682
7575
81
664
439
5417
7968
7943
5183
7664
1277
6570
2906
9899
2757
4799
8868
1027
4826
5425
9460
5290
151
4169
7617
5031
7340
1496
4975
1075
9253
7369
3389
278
2804
8004
2118
4339
4047
2456
8696
1055
1017
5868
9759
21
700
7557
1288
3719
9916
921
862
3966
1458
3410
9249
1665
8439
2884
6634
7993
5002
6330
9570
9684
6274
9135
6809
7728
7530
3466
672
2311
5125
6934
7804
2086
7450
2171
2978
1330
9459
3435
45
7528
697
4456
3798
4401
5379
3845
2200
7218
4379
6681
1183
8268
8936
8713
3404
4587
892
2080
2142
5402
9329
6106
905
1702
854
370
9674
4225
2776
3736
1122
4179
7572
5556
9183
7863
8418
8438
941
5021
9716
3923
1214
9111
5223
119
3612
1379
7119
658
4412
9039
1559
3691
7403
628
6661
7046
8725
4299
2649
5023
2032
876
23
8896
2685
6612
7470
7664
4772
8734
7539
4906
5027
6570
1359
983
6655
3067
8267
7433
1446
6823
4220
1948
4075
8706
6423
267
1013
8280
8060
8385
7137
8608
8386
5848
7130
3705
402
444
5279
9818
4321
6049
7613
2501
7163
9830
7418
7196
5805
5537
5124
1513
1819
3208
6440
3684
778
6037
5765
9749
3484
1948
4207
2037
6780
2880
1027
657
5354
7718
5289
4043
2367
1117
7614
1747
5603
5856
2175
4593
2688
9646
2185
3506
500
5587
3021
4705
4959
268
7949
1567
7190
1445
8198
9170
73
8730
3430
7779
3185
9568
9076
2171
4580
1935
8712
9410
6925
1220
5668
8897
2710
3343
7501
604
7974
760
7820
8435
7769
8879
9158
6306
7369
6900
3694
675
9457
8466
8896
1582
1791
7962
1147
4856
817
7128
722
8579
1525
1627
2090
8649
8242
6548
2173
5291
4290
4230
9447
1720
6259
9410
6749
9883
6174
8723
4881
3522
4869
2503
9582
2036
4736
2636
5439
9784
2506
3179
5473
2931
3568
6234
9546
8429
3051
9806
3572
3311
3462
1628
9599
5928
5427
5834
1243
5716
4445
2957
6809
1689
799
3437
52
9083
7132
5617
261
7080
5402
8870
1138
1274
3062
352
9281
1632
6723
4633
3350
5991
2703
7704
1644
1457
4151
7283
3734
1117
5557
127
8715
8861
616
5305
3421
782
1900
8627
1611
8958
149
1086
4849
9007
7294
3137
7198
8453
3443
3021
9470
4649
8607
2743
533
7544
467
1591
8471
3061
2845
6843
7392
4531
8851
4439
4126
8637
177
8450
2886
9539
7047
8146
9795
2548
5887
4133
2072
5486
4656
9243
1332
9253
441
4867
3700
7101
3284
9045
11
3620
3091
25
1250
4587
6341
9416
800
4760
2276
6780
7167
3849
1628
668
9230
1433
5977
4278
3199
7234
653
4563
4489
1698
7273
3382
4915
919
4946
5486
2152
2060
501
3401
4666
2036
3843
3689
1426
7426
2150
3694
8448
8762
5442
6658
4846
4012
5901
3405
9152
2214
1766
8550
1184
6811
503
9286
5089
6791
6804
6459
3514
7223
6870
8008
9499
2575
7655
2718
7246
6889
7097
4105
9021
9724
6087
306
2906
558
9487
2988
1511
4045
4970
3870
3089
9923
4394
9829
572
1386
6516
7135
7948
1611
7220
5450
9991
8754
785
5267
2669
7232
3412
8483
2309
6788
3459
1504
7566
9600
8999
2988
3401
3124
8795
119
3405
5453
3149
2112
5629
8194
6926
4402
9353
2464
3676
5624
9650
8872
5023
6598
3039
7846
9726
437
1193
5684
9164
5279
2840
5327
5303
2843
95
5190
4426
6472
8423
7303
8778
7701
5920
4765
3136
2050
1152
1
9465
1785
1949
416
8065
112
9269
2283
3265
6197
3322
6555
6091
4696
2491
8224
7763
8646
3596
1822
9516
808
1775
3518
3508
8662
8098
9863
3806
2163
6033
1194
2409
6966
3952
773
950
9558
7382
2883
5918
8519
603
6623
3900
3364
7211
9814
9346
1541
7137
395
3408
6289
3460
8765
8427
84
6197
9203
5393
9215
9310
7134
380
6637
6994
9883
8466
8395
1979
9941
9669
7888
7781
9196
8565
1181
4332
1229
1459
8727
3996
1697
8847
7790
7290
433
3755
6462
1861
7188
9334
3460
744
529
5126
5506
3271
259
5016
4737
3512
2794
8269
6982
9005
8867
4868
7392
976
7236
7278
5226
6531
8956
4364
9709
1766
7126
1864
9742
8671
2715
4403
3702
8518
8088
1396
5158
446
3057
3881
3281
449
2872
3882
1726
3745
3186
4909
2205
6726
1004
7527
8579
5218
5164
3002
8204
1578
1809
7384
915
827
3911
241
4432
9994
1620
4990
193
5825
1909
8404
2999
8729
2522
6076
2411
7538
7181
9998
9371
5151
6983
5061
3716
6380
297
1479
384
913
7113
7985
2463
4010
1462
802
6340
7722
3177
6900
1535
9867
9471
3646
5326
847
2074
7528
4284
1922
5325
5871
6831
8811
1102
9592
5976
9161
5714
8344
9081
9624
929
9229
3105
7111
3074
4039
8657
4449
3102
1065
436
175
906
2858
3221
660
246
4293
6551
9271
4183
872
3797
3318
51
7583
1413
7416
1944
2506
8260
7223
3659
5650
2094
1879
5054
7649
1372
8708
8300
112
9914
4839
3651
1486
865
3154
1414
6735
8964
5083
1718
145
2514
7747
7409
6434
1507
6313
144
4051
702
2437
811
3178
8948
1496
7093
8195
4603
6736
8214
4333
1696
6193
9210
8602
5433
3577
8338
9121
867
4726
6097
3455
3048
74
7742
2895
5743
6719
5840
3168
4060
572
8814
3349
5347
3904
6637
753
7730
5889
679
7388
687
9741
4265
8800
2891
5126
7906
390
2067
9327
4221
3456
6523
3632
3790
3683
9672
9032
9363
5970
1352
8285
9306
5677
8382
418
2967
8719
3962
2562
7144
8517
4917
3258
2239
585
58
6365
5686
8179
935
7456
6260
6907
9265
6121
8903
7834
5307
748
7744
3020
3742
7014
5275
5753
6403
6115
8077
7364
5045
6930
9302
8035
9155
3119
5335
736
9802
2038
80
5702
4767
1756
4009
5887
4792
7036
7745
4952
2058
5613
1073
472
2306
3474
6572
4174
1062
8242
4322
2436
581
5055
639
1754
2850
4437
8282
69
7850
8503
3613
8511
7072
5293
1749
1488
5916
8019
5642
8630
7666
1563
5089
6443
2868
5785
2065
3889
4287
3016
6929
8104
4977
7911
8112
1278
7837
5268
9948
8726
2860
8529
634
6286
2103
1615
6213
7326
5263
9319
1581
2684
5561
3632
2471
2683
6880
1412
2955
1010
6358
4244
5176
9498
5728
7437
4626
7883
2946
5096
5159
9410
7869
8742
1841
3413
2157
6570
4369
1981
1952
9047
3917
3549
9868
7219
8476
6368
6855
4837
9230
9466
8450
218
2598
2305
6003
9409
2593
3204
9053
2970
5662
5758
4309
4540
4669
838
137
9424
2075
3574
1448
8818
8319
3462
2912
5244
2024
5217
5345
9142
8492
7061
6479
6060
9068
9751
2380
2992
731
457
5426
1633
4495
687
8518
9701
2672
7923
722
719
3805
5307
7267
814
2619
1269
1061
68
2793
7712
9835
7776
3647
6666
5485
9022
2425
4739
2624
7193
4489
4695
4787
8081
9044
7904
4633
4848
1823
1000
9800
1932
7556
6358
5743
3531
5954
2732
7762
2809
1602
3547
2889
9118
7212
6734
8983
6165
9272
184
1511
9977
347
807
9653
6560
2142
3107
9006
3905
9063
9815
5973
1864
6783
1363
8114
4114
9235
7982
1060
3909
7047
4869
6087
9065
2195
9761
8903
6348
3746
549
185
1567
3424
62
7252
226
5685
8855
6442
9393
2161
9454
9490
6809
4546
2662
2173
7725
3010
248
4796
9846
1415
8394
576
4252
3674
9695
366
8444
6836
1600
7280
6724
5765
4232
7057
6851
6089
2882
1162
3283
6068
2369
8229
7671
2869
1025
4136
9950
7382
3765
866
8046
7906
6245
4441
217
5145
3451
7171
2130
8841
1596
610
4121
5477
7766
393
5817
7266
4825
5821
2853
6989
198
4825
7569
7581
2142
5553
4878
8681
1996
3229
5160
1202
6198
584
6564
5189
1497
4564
2263
3803
8355
5858
1891
9416
9240
1014
5568
4905
9293
4167
3833
7668
3623
5439
6107
1027
1275
1688
5119
8739
1845
6344
9464
1578
2578
7039
7011
2486
1554
9640
2012
4374
1225
318
3743
8106
485
5174
3350
706
2589
9629
4149
6632
8467
2546
3919
2705
9847
7385
588
8132
1720
8070
3889
6103
9432
2324
8265
1385
8502
1678
817
1101
2757
124
4915
8789
6967
2207
4713
7283
1074
3302
867
8719
9443
2875
4319
8590
2533
638
1127
6436
7905
2373
5334
5577
1146
6749
463
7941
3432
2076
2417
5377
9223
3683
4201
2146
6530
1679
9352
7982
7397
8578
128
9514
5828
4068
3238
8091
1070
2542
9035
3
3112
6979
6923
4683
3153
8108
3560
24
8925
7953
4011
1749
5819
3980
7844
9046
9866
7974
9822
3447
2740
4763
2870
7190
9762
6585
5184
8924
7266
1280
5053
1072
8484
5045
1128
1488
5522
9557
2147
3075
8021
1669
833
1901
478
3815
9246
6706
9283
3243
9221
4943
8985
1757
6258
2041
4967
2169
5207
8566
9852
129
3939
4722
7561
6122
2406
4832
1258
6146
8811
850
5778
4601
4525
3545
1322
4558
7996
2125
4260
3367
1466
9650
8913
8710
4956
9833
6599
1881
4452
1638
2171
5863
573
706
6066
1853
8569
2548
1246
6045
1500
414
8387
2186
5662
945
6171
1848
8118
4232
8062
1334
1817
6992
7373
3870
9878
9852
923
183
6161
4537
7384
1237
3818
2190
2636
9507
7219
6619
3899
448
9048
993
6311
5336
4495
6285
8164
7822
2967
8950
2249
6092
9113
1178
7935
4370
1721
7546
1229
8480
5407
4598
5930
6291
8703
6204
3802
6742
9789
1631
7125
3038
4931
6171
2030
3158
9694
1156
2565
9772
9847
1132
6485
3599
1733
9056
9285
6640
8966
4869
8503
8301
1654
2677
7147
1463
8885
3074
4346
363
4000
1220
247
8748
1782
3197
1504
4970
1441
8531
9820
2033
7208
2830
1053
4998
7632
1239
2626
8359
765
5715
5091
7908
9135
7636
9903
4701
5110
6514
5867
214
2470
7391
2424
318
4266
9422
279
5835
8536
6211
6737
3499
5033
3079
986
277
3515
9908
583
6231
2300
2143
3684
3299
9370
756
5781
9151
8281
9677
2077
4890
5943
1719
2144
1433
1160
9495
3237
9166
1452
3967
9214
2952
5321
4953
3597
2444
1411
178
5387
2746
2605
7893
2483
2828
1414
1079
165
2393
6757
7067
109
4139
4675
4364
3506
338
489
128
5926
2904
5002
1879
2570
6026
7375
8649
6652
4239
8853
3348
6136
2846
6645
2671
698
8439
7958
9381
7255
2758
4001
9615
3164
9966
5201
9644
2546
2415
5082
2852
2507
5781
9307
3269
7325
3411
3406
3798
1594
1195
369
9341
2006
3185
3105
1520
6608
8092
2837
2829
1077
781
7279
1183
3944
6903
1614
8743
4300
1532
5806
6884
5355
6309
1707
4183
8890
8856
1844
3322
185
3535
6589
3767
5135
5985
4194
5856
355
456
2477
1729
2816
5651
2063
6875
5726
3245
5719
5537
9530
835
3738
1998
2802
1298
2782
1241
504
1307
4199
7273
2221
6846
2852
8214
6333
1855
5241
9814
9959
7588
376
7718
1207
8463
7478
5822
619
2407
1848
354
9635
7071
6082
474
4713
2754
8797
1785
743
4152
9652
8622
9793
9815
443
3505
4058
2107
348
1648
5546
899
6159
1097
9339
4266
3656
1530
4077
5212
5147
744
7540
7586
7067
6547
8239
2270
1396
5068
6967
5787
6017
8076
9171
701
4231
4329
7569
6406
8025
8045
7131
4275
7385
5811
5239
3814
9454
3643
1346
3924
9767
7267
4881
2783
9979
7308
7268
3710
5230
4997
6618
7000
8258
7728
780
7664
7195
8329
1550
2841
5213
6330
1614
240
7886
8555
3944
7557
2084
4048
8623
3656
646
3503
3465
9223
9652
1852
8960
2540
9516
6977
6027
1759
5293
4401
4326
7818
3073
8330
4570
907
8066
2219
7238
6827
6584
9138
1668
1299
3428
1317
6100
4961
1834
1919
847
1334
5708
3265
9821
6389
1254
1369
6144
7011
336
7693
2739
3879
6760
5906
5728
3868
2625
6882
5199
9227
6515
5437
9722
6484
1272
3072
3524
5493
2708
8570
8995
1077
7415
222
7212
6547
7633
1642
2716
4852
640
5138
9554
8885
2071
2139
7853
2940
9815
8173
7193
8632
288
5547
982
6291
184
3349
209
4914
4700
8606
6356
669
3635
9434
4216
9151
3294
9253
8675
5909
5286
9604
9993
3642
3413
4121
2325
2929
827
3485
7591
9776
5755
9332
2023
610
5068
2856
1565
4643
8023
433
8442
1672
3039
9038
2099
1555
6041
5003
6036
7727
2177
3125
4441
2059
2353
4717
7640
9143
7193
3151
7020
9540
6601
2635
3967
6178
4745
3014
2867
4600
6002
2129
2553
4732
5492
3029
8839
8621
2257
3936
1562
5000
6053
1392
7130
3423
4256
3149
6905
2589
2217
7993
635
3207
8736
7092
3406
5010
6768
1969
8291
7450
3195
1379
8798
7003
4155
1395
1028
7837
194
6485
190
427
3393
8529
1472
4314
5854
5246
5926
1431
2392
5468
4810
9719
526
1544
8281
327
3388
905
5889
2123
9400
3428
9482
8661
1553
9170
462
6646
82
8502
51
6238
2630
7919
8504
1606
6579
4564
6080
3336
7812
7473
2995
7640
3936
9871
2602
593
3311
5452
3666
4255
7000
3200
5617
6695
8235
2882
4236
4839
4343
5286
6197
7427
4455
592
5932
7935
8912
5996
8431
5867
8415
8480
3267
9139
9156
1856
407
4738
6569
3603
9161
4689
7198
1256
8248
8840
5394
6094
840
4376
8325
4424
2743
5835
8510
6351
3984
6051
2051
4422
2914
7348
1492
8074
7288
1373
5109
1749
9535
6017
3136
1632
3374
9198
5694
4535
1975
7692
2258
4524
9473
9633
1176
3602
8661
8232
6606
8702
3321
2614
1487
3304
6542
7079
4714
6517
3367
7681
2232
7164
218
7130
114
6484
4926
8931
5078
7945
5993
9102
3064
9397
5636
3860
2500
148
8687
463
4819
2493
9865
9608
5506
5776
7187
1615
5770
8403
3398
9253
8596
6109
2188
2241
5180
6116
4828
5825
9824
8417
3747
789
4275
8573
5496
6088
2207
9021
4794
5094
2626
6730
4160
5694
8959
6561
5208
3989
7257
3510
5053
2715
1486
9570
6583
9824
8002
2948
739
855
321
6079
4370
2800
4884
4900
1119
2429
289
2113
3413
8875
9651
9071
8889
2839
6888
7012
9668
7520
9703
7089
961
2663
8115
3894
8368
7946
1176
6967
1407
2937
5147
4906
3912
7056
6486
7494
5227
6557
3005
262
636
6340
2669
6701
5071
1484
1101
4197
2450
1893
2816
2966
7785
4533
1962
771
513
7660
9914
6834
3724
8321
1955
9712
5727
2288
2906
7674
2067
2900
1768
6709
5794
2707
4187
1002
492
5926
239
1387
2903
5739
5741
1279
4036
7134
7692
5143
7223
7550
9646
5640
1242
2846
4888
5767
323
4405
7990
9952
4069
8581
6177
9839
6249
876
6498
5737
5335
3085
6364
2397
1708
9004
2450
4332
7272
641
1928
5863
8271
641
5577
8620
450
9477
6871
1462
6548
9615
2961
2235
8478
2122
1366
9514
8091
3642
5364
3422
962
1252
8814
562
1862
1279
4353
4696
4906
143
1061
5565
3906
8465
4621
6172
214
901
5603
6835
2236
294
6261
6748
9706
8469
8182
1294
6781
8976
9435
7245
8890
1091
7122
9619
4289
5160
772
4462
1438
3346
2608
8957
9199
1849
4462
5738
3509
3300
1137
9195
5830
8843
50
5725
4408
5433
8861
4
2924
4854
7607
2871
1704
8061
7211
2491
2358
6521
7918
3265
692
222
5264
3574
8885
3886
1793
5368
6927
9731
3140
3980
5969
2498
616
8210
7180
5827
1172
8852
3772
4076
7759
2592
8798
2660
2368
5762
9013
9430
156
171
8999
7858
6561
7396
7902
6836
1932
2631
7690
9223
4786
9821
9426
4765
2722
2141
7101
1485
2562
3212
5181
4302
277
9219
5575
6521
7357
9992
6295
9119
9323
7239
72
7851
5985
4161
7784
9621
3849
7532
2746
8576
843
4205
4990
9760
4546
1456
303
3632
7242
9385
6917
2470
4665
8010
1010
6320
3200
8437
1771
6639
1102
2217
6253
542
779
131
7216
4525
1569
7816
8383
5786
7490
1659
6256
3448
5306
8106
2377
7214
8828
718
4233
4214
529
1971
6407
6916
2021
3368
1440
7714
3880
9005
8229
3235
4551
2417
8289
1118
160
6963
9933
7349
1375
4559
2198
9609
7058
1704
4754
738
9705
3072
8237
4171
2640
795
674
3449
1134
737
1858
5575
8555
3089
7864
3642
1235
4811
2459
9463
9596
7608
7641
1565
2149
7572
5838
4634
7975
6018
5533
209
159
8025
4461
1482
2972
7112
2573
8709
1098
533
8232
7559
4613
7054
1654
3513
7027
8001
2139
412
9235
6356
1833
6651
3109
8669
552
5291
8601
4758
1263
3243
4408
8677
450
557
4500
1276
4097
681
2444
818
3023
9472
8115
6362
125
9528
5320
9589
5621
1132
3975
2629
6404
4266
6312
1954
2880
9575
2122
4359
7625
2984
8311
2775
1232
7052
988
7915
1248
7355
1899
9393
5230
1041
2487
2339
7248
4257
5023
6182
6129
6528
4497
1055
2898
3969
4249
1738
3101
434
7714
5058
2398
8766
3215
4886
6020
7714
8479
3992
1612
6303
6497
1631
180
5747
4357
4297
7128
3333
8480
2503
8560
7720
3609
6756
6071
129
967
5057
1633
9094
3025
3727
274
5577
9846
9842
520
7383
9535
9659
177
8114
7951
3904
9364
4479
5958
151
9609
6803
8554
2699
9960
3674
9140
1776
6660
4741
5579
7002
9316
4885
815
4755
8587
3627
5664
3118
4723
7391
9996
8537
1299
8923
5615
5277
1246
6323
9244
4902
5281
4830
8062
99
2961
3242
6480
9779
5987
4795
346
1291
7893
981
4686
8887
7871
4669
7154
3613
1666
5052
1928
7849
6613
1342
474
9376
435
8270
1563
4374
3341
2840
6774
1655
4476
7669
2941
6938
9570
7215
5146
9258
5988
3482
8742
4908
3930
7348
4551
5804
2004
7903
5623
6343
7645
2677
2186
1444
3976
6165
853
4853
4510
4111
4423
7476
1842
4458
5230
1608
3526
3454
2857
6594
2500
5903
4504
9895
9099
7739
7983
2047
9411
8802
7080
8735
8898
8622
4495
4773
6751
2622
7958
3019
1849
5132
3189
6728
4286
395
9643
6234
8008
3613
6070
1275
2606
5446
9696
7301
8006
8309
7550
905
5735
482
9034
7278
5783
2211
4208
7199
3068
8541
7240
9167
6006
1725
8747
2170
9710
6343
8784
3870
5551
9428
9281
482
5038
8674
3268
4771
7817
7302
1078
1598
4203
2040
7074
169
1978
8268
966
1825
6353
5506
2778
1537
1604
9084
955
9685
3959
8792
3123
1489
8148
2538
8263
6604
1685
2160
3701
8771
8857
8319
2094
7678
4046
9252
3601
3467
8868
9000
5755
8359
6834
3182
1848
4733
2028
6616
4992
9302
5449
2970
3943
4089
6281
1468
6429
6037
7350
4206
8141
6696
7207
64
5570
6921
5310
4413
90
2601
2531
2758
9905
1855
3194
4153
416
8934
7625
5699
5948
8261
1705
2452
9448
6830
4283
100
6787
2489
4328
7549
9968
8605
1096
7508
77
9495
261
2247
8361
1521
387
6659
5624
7676
1254
6071
7593
6105
5889
7638
8614
5909
8539
2196
5059
6505
5276
5822
2005
3747
1165
8832
7926
9820
2281
133
5762
2651
2775
2178
2372
6257
3201
5140
2384
3056
932
1874
1271
4338
7003
7756
6361
2381
843
2889
1404
6325
712
5589
7207
987
6953
5889
873
6697
932
3495
8071
8476
3194
2422
6562
7167
4670
1589
9601
7201
9962
6689
1249
1200
849
5796
5097
9840
6757
8787
6656
561
8539
8940
9507
7069
7855
8041
6294
8491
3667
2851
3551
6087
2728
3950
2794
4529
2814
1692
6836
2302
4922
8830
6550
2657
8896
6701
5933
2283
4708
626
5738
9587
3425
358
4235
9715
8583
5229
7641
4198
4496
8759
4152
6114
2192
799
2522
5748
2290
2557
4160
4663
5836
451
1108
1222
9828
5142
4759
9902
3621
3867
5415
7571
8535
5054
1861
5923
5588
5014
2992
362
6829
9640
5478
3478
9837
9734
690
3981
5897
7330
1621
9605
6955
1672
5545
375
9183
405
7544
6694
5092
3972
8529
2462
8395
8611
7536
2719
2360
5797
9183
9867
4518
9529
2565
2194
999
1606
2518
6320
3210
7015
1793
5762
208
7589
9511
3836
6366
8069
841
8713
8880
2729
2845
7084
477
741
756
9811
572
8364
5780
9953
89
8657
3905
5845
6251
4849
3770
5273
9919
1838
4851
9256
4390
8374
6471
9327
9384
3159
9770
2297
9041
6224
2463
8087
7316
9089
3646
9590
3065
5493
5070
954
834
871
4564
6697
9661
7851
5074
4707
9782
4928
7687
5709
8194
6468
5247
337
1887
4999
3642
9205
5239
3769
7309
9596
882
7996
1891
9100
4730
4760
7936
8748
4354
792
5943
1593
8966
6996
6813
3321
8600
7884
4242
417
1343
162
7024
675
8103
3560
1166
9416
3875
1629
922
5491
8298
6366
849
543
2041
3486
7005
6358
2741
4509
9481
9421
9701
6741
3225
5642
578
7126
6673
8160
1800
1136
49
4462
2916
4483
7307
6476
2717
9741
5110
61
8251
8594
4935
5395
2415
729
5527
4376
2539
5921
948
7184
9310
2584
6870
8390
9800
6982
7818
3878
9361
3977
8923
9219
2269
4584
8433
2457
6822
7190
1647
8104
6470
1796
3184
7387
2165
6485
4988
2557
3503
5986
2171
3660
5419
555
7142
5828
2839
6437
7718
1029
1028
5963
213
8504
5786
8343
3908
7516
2779
927
5996
2027
5172
1189
2899
2966
3858
4042
1630
1896
8764
1083
2121
204
953
713
334
2397
1110
9508
1139
4968
2714
6932
7864
49
9713
3340
7331
7479
7709
8062
6096
1134
9929
2341
7415
7186
5531
4225
3062
1349
3553
2411
7826
4622
1947
8245
4849
9638
2380
8208
7785
7383
5956
4588
7563
864
8373
1470
9773
6817
5392
1859
2438
8227
6000
7212
5362
923
5600
7130
2472
9108
9917
3927
8558
6139
4714
3943
3687
7972
4250
2489
9559
8412
5353
5291
3749
7219
3468
6072
6033
1486
9914
1938
2726
4987
8536
348
5758
6046
7934
7499
9117
2985
5002
5676
7090
2287
1693
7612
9655
3611
4088
7616
3453
7097
7922
6487
4307
8165
7639
2915
135
9677
980
7608
2185
8052
8321
2327
7633
142
1746
2727
8775
6069
4050
2579
1089
6373
1287
6819
9957
9808
5002
912
6508
6408
9603
1722
6940
2763
616
2410
7974
5310
591
5024
7329
1859
4077
5765
9617
3437
5618
235
1825
6501
8420
7658
8933
1669
4888
6169
1914
9026
6601
8429
6375
9945
4151
7763
8369
5914
1853
3219
464
264
7674
5765
6358
8597
9417
8743
21
9798
5163
222
6825
541
1996
909
7676
3782
7526
9332
8218
6368
7387
9539
5319
6912
8780
8994
446
8684
3466
2991
4196
3821
2709
9832
6411
6279
2365
1846
6517
1250
2318
532
4621
7353
5484
778
1249
6294
8081
3349
2512
2467
900
1422
1384
5000
6392
2039
1682
5604
8669
4259
5870
3700
1848
6221
1309
9523
5610
7342
5548
1796
9229
348
6327
9214
3515
6350
1578
5759
3898
8724
5505
1190
8282
4663
4562
3866
2656
5468
7550
9654
5574
6148
1897
6608
4426
5980
1246
9730
8496
3991
9710
468
7990
711
2883
6649
3156
7692
9544
7892
4691
7001
819
4086
1490
6727
1975
2987
4277
2168
7706
8857
7252
9975
854
9878
5100
9491
6652
667
9259
7692
3871
3928
1696
884
2501
4261
8893
956
6841
2692
9351
6221
1514
6574
6418
8772
3093
7341
3697
2728
6835
1859
657
6624
6982
1627
3535
9812
8599
7332
9426
966
2370
9558
6318
3087
9014
3898
800
5989
3046
1590
4732
2366
8299
7763
9282
1556
1866
5696
8260
3565
4152
1555
8014
312
4018
3529
1355
7402
1848
2505
9911
9625
9251
4539
1875
5546
2275
9204
8097
7140
8496
7931
3320
3107
1988
5864
9244
6033
8335
7460
9676
8389
9201
1283
7133
5276
8583
9987
8928
6288
3162
8337
3794
4134
4433
8342
9661
5448
8695
536
8141
8622
5155
1834
1465
4421
7736
506
4612
1570
6963
5514
5055
9599
7705
8052
6282
110
7577
9345
444
7094
9982
9367
8869
9888
9701
29
7729
1717
1562
4576
8202
1382
55
8498
2014
3339
4474
1743
3171
9080
5539
8436
2603
4587
66
1899
8890
792
3960
4250
9858
6714
4459
4049
3120
3082
8641
4665
7247
6797
8548
7249
2698
4281
1356
4801
7744
1020
3131
604
2385
9151
9279
4780
2994
6189
4374
4125
2053
4022
8954
3501
9999
8247
8280
3433
4253
6761
8696
2419
9888
220
8698
5939
4929
5099
966
2874
4227
6972
3407
6595
1007
725
9421
8906
8353
71
3726
2448
1977
7628
5037
1673
7558
1879
5516
6985
3051
4065
2269
2909
3533
9916
3162
6060
5520
1919
4892
6416
2011
6099
4062
5720
9430
383
1518
2722
3991
9597
5640
1105
8747
6711
3508
7695
6707
1766
4321
5547
8412
5521
6981
2702
734
8636
5214
8717
9170
1531
1519
2898
9173
9082
3900
7599
9593
2570
899
1833
5157
7356
9686
968
1608
8155
4382
530
5197
1272
365
8194
2009
1256
4740
4294
2696
8568
9311
2463
5839
5439
2070
3594
7100
3756
7586
3938
1979
9721
9038
1691
552
3628
9478
5074
5971
8313
6276
5704
2274
5774
6382
8546
4570
5674
2223
4827
9339
5389
9641
7831
616
2189
6265
975
4388
8268
8750
2020
9009
9894
1407
44
8356
528
1415
1968
6980
1083
989
2719
4550
7282
8547
8980
4044
5215
7087
4033
667
9723
657
6014
668
2316
9179
7081
9816
5613
6280
5377
2340
1183
2428
8435
977
7135
2120
5982
9145
6996
3305
448
4195
8336
1627
6975
687
4397
38
4113
8978
7491
9608
2444
3065
8618
4342
2411
5996
552
9842
3669
6465
3488
5459
7175
8473
1064
8062
5993
7547
6119
3313
1189
9253
1279
1350
4102
2833
2374
1562
3224
1592
1709
9345
5190
9397
4644
3592
3528
2314
699
5922
7814
7661
3295
9609
4291
8699
474
9994
4820
8459
3288
1047
8458
8756
5505
1170
2850
6654
9024
3290
678
9457
6950
5471
1096
5650
2993
7421
3109
9979
5112
9358
1161
6068
3484
5214
988
5741
6611
2563
3203
3281
3989
6660
7746
9178
2903
7343
4879
5476
5086
550
1193
4265
6002
3410
6025
4921
2339
8847
7477
2529
7314
5313
3116
366
5305
8131
8599
6313
9806
7410
1119
6549
4816
6599
8455
3176
1642
7780
5923
5462
8464
4982
1320
2374
8984
50
9281
1973
1212
7925
6371
652
9884
385
7878
6095
754
8501
3719
5567
6980
7812
5040
3910
1326
9086
2511
4749
2406
9121
377
6507
1200
2915
4084
5549
2657
8473
8456
4976
6497
9671
3374
7375
897
2757
7803
6158
4881
7518
9651
5868
4525
9423
5091
606
8647
6186
8419
83
4970
966
6638
3583
2330
1008
4634
7212
9970
7610
2070
2107
2868
6939
3993
3245
6844
7440
2750
3864
1163
1570
212
7335
1987
5433
7279
6759
1764
4397
7019
5408
54
1440
5731
8937
9074
8448
1991
4743
8327
4561
4511
5087
8932
89
6735
237
5993
8998
3001
8081
4025
4079
901
7128
5338
2067
1481
6942
9853
4124
1886
7714
1026
579
8428
115
7930
9400
4059
6345
5674
277
9425
8886
4205
3671
9339
7994
2323
1888
1038
4635
5426
5192
9189
6295
338
8457
7300
8071
1040
3693
7905
9164
6352
926
793
685
7120
6472
5218
3523
1033
8680
7811
2147
2410
651
1598
178
9282
9213
356
9130
9305
831
2640
2255
5140
2651
9978
8589
3910
9389
8540
3095
2175
6109
1965
1310
2069
6497
3048
3940
9083
5708
9687
3318
7568
1472
2346
230
8815
5840
392
9353
3735
3946
1694
3055
5139
9635
9249
1760
2477
1200
9887
3718
5480
885
4085
8479
7941
3529
8783
2754
7240
8957
774
7800
2903
1844
470
3919
6749
5820
3534
8384
7664
3079
8978
8827
1366
5535
5394
8112
6024
9993
9375
3390
8538
8115
3539
7194
3296
2302
8756
7980
6265
5014
4498
1049
6905
5970
5621
5213
583
5881
9061
5894
1582
6621
3966
8381
2600
3738
2330
1702
8806
6097
5733
3012
8947
2685
4154
8614
7817
8697
6168
7670
7599
155
8138
3489
1732
3336
876
1938
3508
6998
1816
861
6573
9306
4279
9593
1410
7210
7799
1154
6198
7828
2204
5460
7835
6918
7602
6301
9378
6014
5603
301
6293
2777
2757
4119
8064
4919
9774
9020
1845
6285
3593
4377
9972
4856
8864
8666
296
8617
4492
4568
4803
884
1866
9365
8106
169
2406
6778
2975
9833
852
2463
1532
4681
909
3254
4613
1708
907
3784
8642
9563
7238
2030
5217
8178
1983
823
7630
8315
5653
1352
4897
9801
2116
4933
9805
1229
6524
3929
7950
3160
3529
2084
207
7640
3522
794
6769
2626
2672
9576
2549
2969
5766
4851
7098
6576
5340
7332
6978
6386
6149
2281
8362
71
5766
1184
1403
1406
3781
8533
199
7115
6364
8445
933
4460
914
4809
427
6510
1232
7077
5258
7242
4946
5589
3388
5573
7501
5437
4332
8602
7468
4687
7340
3084
4402
6947
2777
7492
202
7128
1874
3836
7141
3457
4285
7724
7290
5506
5323
5109
6190
2429
7440
5402
4707
9906
3597
6135
1112
8636
4980
3776
4029
4613
5251
4683
7968
9083
363
1146
7916
3461
8912
9412
799
244
7168
5522
615
7837
6258
80
2245
127
5107
54
3402
1848
118
9282
7175
6293
529
1048
7379
6930
7977
3005
9500
2989
2998
4224
5311
6185
3986
4338
6192
4962
1515
8444
896
5236
2723
7417
5400
1001
5467
593
5780
1925
178
9416
7290
8077
4447
9366
8735
7790
3143
8902
8598
2198
9297
4373
4737
5108
4024
5154
3800
4123
470
2532
8530
8617
5359
7243
5543
2378
8934
3041
1398
9872
8325
5431
1731
3702
1165
6116
9521
2342
682
297
6536
8145
8993
5437
6103
5537
62
9487
8513
3345
9604
2291
3930
1412
1498
1356
3937
5163
6855
567
4798
225
3939
573
2060
4592
3096
4434
563
660
679
518
3293
2156
8013
5494
2601
5135
8210
7117
4147
2655
3455
9335
2958
5602
310
5989
4446
6181
3232
8404
2593
4584
8770
6779
85
2075
9885
9747
6702
8963
8614
6253
2305
9910
610
4763
655
6015
4540
5185
8802
1882
3978
6697
4146
4025
3951
4842
1099
9558
8534
3621
701
5669
808
7375
4188
9235
1144
478
6079
542
9782
6771
8993
6028
5514
944
7618
6383
5609
8423
781
1411
8240
5305
6844
6159
8847
774
4877
9793
4099
5646
8426
4673
4895
3220
5855
6435
3259
9258
4496
4337
1059
6747
2351
3975
5103
8154
9404
3025
9039
9608
7347
672
7122
3508
9350
9782
9307
3288
9921
2436
2702
6100
8790
4854
9825
9010
7755
8773
3686
684
7524
4065
9038
1309
7291
7910
4065
4133
9035
3599
9316
2041
3744
4675
912
7095
1990
6701
9015
4420
6417
9129
4640
4159
6322
2774
1445
4515
8033
6279
1631
7662
4068
8234
3250
7996
2490
1289
1966
1899
2131
2559
7739
3739
7602
4377
5574
9426
6822
548
4214
2409
8118
2803
3457
7119
628
1929
5477
6079
1207
7388
9961
8606
766
1390
1609
3105
1323
417
8364
5903
7451
5982
7577
324
3127
4841
5091
4350
7507
9318
5700
4331
9116
6145
9425
1407
7846
7890
7967
955
1483
8563
706
2464
1425
6041
6872
3500
1788
6799
4157
6146
209
8102
64
6400
4210
3544
5235
6922
953
800
2757
1710
8151
2940
5222
9191
2892
997
5429
6917
4058
3534
2305
360
8507
9960
5683
2941
6697
2971
2507
3860
7740
4222
3335
1817
3139
4686
8863
9936
8222
7367
3396
4637
4072
3474
703
2844
8014
1206
2547
9429
4260
3100
7111
4331
2820
5638
3974
8937
2755
6207
1774
5574
7464
9950
4772
8392
9880
7667
1771
8485
5427
5692
2186
7566
9317
2807
4422
4370
8331
8162
7947
6035
2521
2436
2586
8806
4367
1629
7808
9939
2517
1062
5080
4120
5240
2915
5679
6006
1523
512
5157
8759
3801
5968
8231
5919
6385
2763
3898
7234
8576
7950
9192
630
9654
2745
1167
9066
2024
8985
8126
3226
9211
4026
5942
8901
1811
8134
1904
3989
2582
8377
7399
8666
3587
7625
3946
5814
617
121
1342
9720
1445
6504
9642
4835
9065
6744
117
2880
8102
2140
8265
9770
6911
4173
8821
5467
2371
9034
4854
9981
7567
157
1823
3061
4707
2925
7386
4715
3278
9405
2685
5241
3786
9178
115
4767
6872
6182
5798
2373
5576
4467
8530
2629
5587
8361
2193
9236
3134
4362
9483
8380
751
2227
6391
8007
8151
2941
2817
5734
8699
9310
8051
6806
1731
6324
4774
9238
6543
4368
316
6491
4010
5133
7499
206
8173
3873
1345
9276
8331
3054
8436
7319
9687
8174
1834
3945
8287
4933
3540
6802
5291
508
7208
3688
7624
5562
7509
6369
1288
7247
8594
7524
5448
9001
9097
7944
2145
6131
5329
7859
5725
7489
5450
6511
2600
7160
2282
4203
290
3991
9248
7632
7807
7838
215
9386
2826
7945
5867
3410
4674
1238
1881
1181
9613
9137
1185
1066
1612
6610
1109
8748
6817
700
9949
2645
2540
5755
3850
1074
6923
6259
4884
8241
7728
1845
3187
1617
5278
9910
5091
3624
7810
2477
9396
1855
1844
5431
2645
7175
9619
3730
1553
9608
2745
2605
8402
8180
1783
4688
5922
3904
1042
6744
5568
4115
9149
8570
5830
7794
4580
9284
2783
4924
3652
5882
8261
9741
926
1929
412
878
7537
9362
4163
2106
4204
3971
8498
986
5980
5793
4417
1848
9775
7046
3767
6721
9588
1721
7187
2860
7419
1648
1204
8854
9511
9671
2895
5420
5045
9406
4375
2949
3898
7058
1450
4213
3203
3004
7141
6765
3493
209
5200
746
3999
7482
3654
7557
2927
258
2202
2071
3815
1165
4021
2149
3422
3463
5001
7002
1320
7334
9597
5754
9486
2619
6741
5946
3178
2042
1984
792
7318
9696
2450
5313
9983
2891
3055
7393
7402
9563
428
9725
9908
684
5430
3627
4103
5322
925
5459
7538
9498
8132
5664
1645
8721
2110
8795
5689
6224
4363
2748
2780
7233
8806
1825
8520
9563
8623
602
6804
8432
3645
5514
2427
6106
1125
7010
4393
5183
4932
7539
8813
2007
8647
6574
4010
9276
4233
7312
4897
4648
3489
819
3837
3522
3412
6861
1537
3401
6416
4726
4744
1373
4475
2761
3647
9423
7141
1503
5287
5335
125
3619
1047
3116
1529
3498
5825
9447
6638
1299
7445
5247
9180
657
888
138
4851
4308
4822
5917
7069
9596
5095
914
9262
483
9493
8677
4780
6239
923
1547
8790
3623
1707
2148
958
3251
2284
3159
6863
6365
5801
7527
2085
6919
6435
9226
8144
1086
8320
303
9161
9541
8895
9244
2574
7277
3517
7633
53
8658
2559
6373
5979
6793
8056
8317
7248
181
8503
5199
5396
9097
7522
6805
3900
2916
3384
762
4710
2257
7495
3632
2716
9946
5231
2034
6138
1788
8485
3146
8281
4237
3285
5277
3916
6211
6043
8410
8523
7158
4234
5749
2456
7594
1794
9423
6927
8084
989
6757
7698
944
7014
6822
8670
2102
5390
72
3839
4321
1171
8744
5425
9125
3451
5818
305
4443
8177
4906
3910
3061
7081
6244
9682
7822
240
329
6134
4096
6062
2294
9006
8397
6924
4519
8048
1476
6601
9136
4200
2130
9831
2897
5979
9528
5663
9398
4066
3376
5509
2917
8764
9916
3459
4098
9813
6155
3532
6846
2788
2247
1087
7453
9474
8600
1852
8135
736
1466
5367
8967
968
8519
1564
3842
3658
9795
3975
7184
6255
5869
775
4266
863
8664
1676
2784
2746
7306
1623
1555
7149
8475
873
4335
6925
9520
1059
5805
5468
3897
4203
6607
4597
4184
7539
542
9304
6431
1847
6673
3131
716
2738
7513
7393
6006
7443
3535
9226
8322
1639
7778
3086
6554
5253
3002
1267
8861
8898
5690
3781
4938
9048
9212
4420
5446
7732
7998
5375
4748
7605
3075
5574
4437
9026
4406
4060
4042
5357
5790
178
2780
3134
3279
2288
7994
1322
8660
99
2947
1837
3966
1512
8885
3007
5094
1628
5085
8338
3235
6192
2409
4134
9958
956
3112
1184
8790
2176
9122
6673
5940
6289
7955
3279
1665
7512
5223
8523
1700
7157
7722
5108
5139
1114
4942
618
7683
1427
5243
4397
9295
6189
632
965
3089
6014
7671
74
5533
9731
3336
181
537
2984
450
5681
8197
12
1661
2428
3664
9761
9590
4531
306
4857
8421
4240
3179
1190
1364
3958
4526
453
7852
3260
6334
3416
6845
4120
6883
4739
2127
4295
116
5918
9874
8221
2637
2358
7020
1619
1964
8384
2445
2032
4880
2725
2593
8477
2825
5721
6391
7834
7280
6376
2808
6081
3728
7327
1723
468
2291
8773
8113
2553
4179
8685
6642
7374
3737
780
3746
4681
9437
9580
789
6038
875
8641
766
7787
4360
2020
3330
516
8440
2397
3001
9053
6084
1330
7319
205
4973
5992
7003
7773
8202
3774
2975
684
323
9471
6461
4675
8075
9079
8238
1738
7656
2400
326
1491
9679
3726
2004
7744
1386
4674
8000
1828
115
8833
5750
2367
8539
6706
5093
7654
2969
5208
9678
393
2578
9490
3593
5737
1966
8338
9902
4543
632
15
2112
3091
239
1132
8966
9588
5385
3764
9159
5039
7534
3755
3428
5390
5140
1726
1301
789
715
6619
8352
3719
6627
2790
1854
4110
6389
2276
2362
9440
8599
5703
599
737
1351
9951
5864
3257
2879
7223
8498
6113
4236
8713
9657
6014
7189
2005
3714
593
4261
4721
1825
8403
1482
4332
9570
6269
2408
8364
477
6861
9953
463
5884
9091
1354
5385
8884
44
6857
5093
8796
548
1310
6141
3432
4956
5635
7293
831
9632
6976
5816
3326
9152
3945
5449
5190
9424
9648
8552
9098
5876
1559
894
8867
2034
3651
8351
7560
3777
7609
6302
6850
1913
2197
4303
1668
9896
9619
5200
3608
6548
4337
6070
2312
8365
5291
935
8555
1779
7311
9320
6977
9608
6853
5222
4152
3553
7628
2154
7876
5787
5672
3697
6230
4350
6279
2723
7029
2310
6672
7377
1557
2277
7625
9574
8765
5424
5149
2703
1473
4151
6620
6253
3186
7727
7797
1935
2836
3829
3675
7275
235
2593
5800
4516
2907
7522
8667
350
9072
1088
5826
8830
4836
6791
2964
6750
3018
4007
2664
6255
785
7710
1844
8456
9575
9133
7613
6058
2518
207
4524
7445
133
1636
5791
5003
9409
9482
6868
5962
3085
6246
8594
5933
5746
7514
1855
7665
4730
4315
4654
7614
5547
4030
8649
9540
1929
8029
7206
6647
2351
437
7072
3829
3505
3096
4867
5567
5680
3213
4594
8524
3798
8175
288
9611
8435
1605
1641
1668
6001
3970
9598
725
7813
5234
6099
4534
3344
573
8695
290
6348
3079
118
8361
1946
7217
2874
3180
222
7183
3668
3335
2811
197
679
4862
3667
3058
331
7307
5849
8381
2339
6149
3128
2444
2437
4024
941
3773
2690
9323
1349
2327
769
2538
8369
6714
4230
7785
6135
9090
5993
9606
580
1541
3638
9776
8838
4265
9889
7844
7689
3099
3863
6225
6710
21
8296
3897
2006
8236
2507
4041
5857
8012
9858
44
290
5942
771
3805
6750
1329
5127
6031
3104
9983
5978
1054
6938
6642
267
4476
1818
1643
759
7591
6402
5866
7767
9230
4224
8772
6801
4402
4476
3170
2350
4334
9780
4350
1589
3341
583
6324
9436
4518
4355
1460
5477
3586
6184
1449
9295
178
2411
3225
1005
1370
9624
173
9405
6896
6951
5740
588
5460
488
8669
1682
3221
7716
5626
2301
9270
4405
4145
7849
2613
6489
3371
8692
3312
22
2521
8077
7979
9952
2920
5940
3050
6962
886
1659
9062
4461
7950
3337
6373
8307
3423
7093
3836
9196
3756
3580
8973
2714
5560
170
3073
6552
1455
795
9919
7191
7345
4548
3924
8576
5063
4707
9984
3513
1208
7229
8025
5688
1607
2546
4383
9052
4002
4411
9516
3529
289
9655
3984
54
1303
2610
9967
147
5160
2444
8538
3420
7068
9474
2613
7197
7816
9881
1067
1484
1096
7167
6034
5857
7561
7642
8140
9251
9968
6349
3813
7891
1507
4322
2497
894
5798
1500
7072
4429
452
5195
1047
2943
423
3734
4761
7776
8082
2184
286
9901
4969
3035
2931
8084
7214
8937
3790
6035
7722
9065
9587
6554
5250
2607
7987
2108
2164
6377
930
1739
450
3525
6842
2326
3927
37
5424
3886
6393
2517
9145
8552
951
5394
4517
3530
5481
4483
210
5190
1951
1084
9754
9576
2833
2107
352
2749
2139
3263
1715
9552
7572
7268
3578
2117
477
5908
9940
1266
8902
9354
684
3111
9802
8593
2105
3982
9449
6959
8303
4360
6272
1457
8615
8330
9465
6070
6481
8528
9350
2646
1102
4012
9461
3479
9765
3643
1294
1573
8706
8001
2918
7927
8894
3454
5430
2476
7557
6714
3037
5967
932
3019
6829
6390
8562
3654
3055
4168
3885
3065
9846
2708
1533
2622
5351
9916
9931
4476
9655
9403
35
366
1901
5156
2127
6529
3690
5711
3776
583
236
2579
4879
4841
7719
8220
2656
7245
7229
2731
8223
2748
1359
976
7853
6500
3757
4968
4660
4155
6228
9008
8707
8549
7779
3719
7468
9417
9206
9168
8809
4564
9952
3280
1954
8869
7501
8371
6681
3707
3994
2368
7610
8956
5723
232
1510
5147
4517
8150
2411
1152
1691
3599
9940
779
8832
2985
9168
3493
3461
9624
2801
9219
4462
3721
211
5917
5086
6959
5431
5390
279
7898
6406
4281
873
1921
7867
5904
9342
1580
6595
7250
6507
4282
1002
9868
1262
3695
2466
4320
1707
9682
4375
3526
8335
2163
908
2809
1234
8920
477
3638
7906
4210
4404
1419
506
6632
1126
4534
6188
4609
7081
2726
6052
4007
523
3746
3148
1685
6604
6241
3514
7124
4905
7150
6079
9380
6079
3310
28
3833
5837
4390
3466
4972
2312
5964
38
7569
2190
1529
597
1674
9561
8730
574
62
2119
9177
1646
100
6181
2280
1591
3682
6812
6900
4143
6163
5289
3978
6537
8224
5571
3938
5279
8056
6340
1314
5415
5159
67
3362
8827
8083
2571
3816
4468
2757
1381
4473
849
2973
6466
4957
1579
4002
5589
5462
4602
8079
1366
4192
541
1967
5235
4247
6152
5313
8930
7841
3698
54
1871
2424
1701
2323
4602
172
7331
7503
3476
6499
8138
461
2152
4271
3734
9541
3151
1491
2641
2396
6094
3766
7002
1038
8124
6519
7250
3847
9251
4394
4635
1079
9890
580
6709
9270
2275
731
2954
5832
9785
5310
3118
7905
3065
582
5177
4029
668
5507
5771
1522
9737
9334
2401
216
9737
3553
8466
3962
4455
2870
3566
4692
5148
8149
9627
4918
231
503
556
3362
7360
4302
3613
7911
8362
7136
7258
3046
1926
5728
5776
57
6423
3993
1598
47
8167
3822
9571
6403
428
6706
7849
6737
7531
3821
867
7145
2838
646
289
4500
7470
7475
5137
2404
1616
9099
692
6585
1263
3386
7075
953
8410
3755
8271
9185
5885
8493
4847
8273
6165
8610
8198
9655
1332
8180
2439
6198
1367
7705
3062
8812
5950
6485
499
1879
2744
7577
904
7812
4496
6437
3929
2162
6013
3919
9318
8264
1139
4143
6036
4615
6375
2831
5673
4962
504
3694
3596
5917
6698
3636
4004
2566
653
5784
2263
1917
8024
7451
4906
5696
2851
4810
8653
2464
8209
1805
2046
7430
4152
6411
7762
7955
1435
7768
7066
7153
4124
6027
691
9478
1094
6084
3931
3351
1130
4296
115
4165
9923
5916
1603
3239
6895
2036
127
2936
7240
4636
1322
2859
2518
6951
6408
4076
4232
3762
7525
3275
7159
5878
1328
1081
2309
12
871
4906
6099
7564
3777
9230
364
4596
8170
7788
5128
9646
763
6309
9373
2718
4785
5725
9307
1378
6624
9812
7240
5675
2968
1882
1322
1079
5583
4790
6985
8094
2095
8479
3572
2745
2206
5341
5264
2991
5330
7464
7414
4210
3830
1908
9723
6400
2726
6303
7923
9388
5697
3292
9632
9500
6708
3385
2655
840
6941
6194
5275
1650
3956
6119
3183
4171
4399
6588
9443
605
8604
5051
1106
4116
3469
8302
4541
7944
8948
9858
8600
4020
2289
4023
6288
8104
5965
5860
1022
7316
8835
552
555
3694
8802
1508
1564
199
1009
5601
2990
5486
4412
2735
6206
3735
1734
4144
8643
8526
1113
8779
2897
4905
1723
6146
2950
7044
394
9043
456
7566
9451
6191
8732
5875
941
8226
6955
9916
9247
2182
5755
7545
3626
7599
7458
9998
9965
8002
2533
2629
636
8980
8841
9209
2146
1033
8566
7549
1316
2377
1795
7431
567
1397
2165
5287
4948
5815
9855
1891
5858
2341
1611
1279
4923
4914
3926
6343
3374
9771
7993
1119
4069
703
5474
8784
3144
3175
6407
2016
182
1611
6544
1144
1772
1457
9533
301
2345
1421
6311
4057
8194
2994
1356
8456
6595
7944
2299
8962
3602
5819
8052
1904
3429
3400
2279
3920
8075
7181
222
3545
1541
1275
3721
2540
6927
3394
5246
739
2309
7868
9788
8505
1935
9695
8347
567
6305
8626
9200
159
3016
9343
420
1594
8410
8161
7835
8777
4656
5528
4533
1001
9607
2686
6303
4918
9997
9591
7834
1126
9047
4805
8263
8657
3937
2591
396
1752
3248
7795
917
9984
3791
4819
9157
1281
7111
336
970
7389
6038
1233
279
8467
698
239
7600
1470
1452
2109
139
4147
3224
5346
1890
7028
5074
525
5454
31
3586
9202
8263
5105
154
4585
1880
8518
3656
4186
2579
6171
6572
5123
4458
5891
9852
3833
1092
9840
7304
1362
9687
6290
753
9538
8717
647
1112
3092
7554
5912
5711
8862
2323
5975
3040
7416
2887
109
8970
729
3776
8656
9909
9891
6196
8750
8235
7641
8316
119
2614
1437
291
6694
9348
5801
3821
9142
6814
4014
3067
575
2983
6458
3158
2552
998
4717
7898
5286
3093
565
1663
4295
8205
526
8496
1141
3706
4363
4706
5510
2317
3684
2453
1093
4402
774
4854
6651
2209
7528
9922
8190
3742
3893
3113
5527
7699
6915
7983
920
3451
4564
5104
1221
5003
3723
8097
8257
4330
6578
808
639
4331
1846
6597
9757
1038
5982
1939
8366
1961
7003
8144
9720
1853
81
6433
745
1931
4972
6069
9029
1439
6846
7425
6216
5169
4005
8978
5578
570
4463
5477
4530
982
2949
3764
3796
7136
1101
5350
3565
3455
4242
8718
1553
8942
834
3737
7515
1477
7015
4748
1126
5913
8454
5721
9041
5675
1860
6012
6554
9053
9818
3944
9904
5722
8538
4601
5515
330
4083
5156
1183
4316
7549
6585
9709
5445
3458
8315
3486
7002
817
2209
351
5003
532
2981
4930
4238
4729
2455
2787
1651
9646
7437
1468
6770
9320
2133
4334
7042
4426
3640
5917
6666
8069
5000
2919
6798
3033
237
5958
578
9152
1655
3631
8876
3755
3296
7679
5014
8592
2956
5449
3918
1043
1271
5866
6134
5934
3348
4563
6210
6510
9547
4018
5716
6508
9598
2156
2492
108
9110
1406
3976
2136
1800
1171
4899
6002
9346
2846
9911
6210
5583
9863
1697
3967
4453
6961
818
4745
3417
9097
6208
6785
836
6031
3574
9802
6467
7408
4194
5873
4821
2794
1957
6499
4982
1384
8790
3030
8376
1198
9556
2336
8894
4306
874
4239
5974
2605
7300
904
9865
5850
3292
943
5913
2664
8889
2366
2294
92
5651
3442
839
4035
9102
9839
9334
9307
8419
2200
934
3059
8398
3697
2828
4201
9065
8790
7061
3552
4504
741
5068
1165
90
3265
1159
1599
4944
8152
9419
3403
554
8360
388
7292
8445
8865
3828
6775
7679
3697
9338
2332
7327
150
3168
9813
7370
9209
7466
7227
4480
4213
9722
5417
868
1130
2890
3553
1453
5710
2439
962
6465
1281
145
5163
9241
8169
2086
1775
6120
9553
6502
7082
6992
7947
5213
8328
7174
2988
9947
492
9244
7619
4380
9896
1489
4602
6490
5626
3978
499
3991
3844
8760
3767
4402
7757
115
7389
1468
4993
231
3493
9760
284
1294
7007
9792
9381
5441
6782
8001
1152
3559
8297
8475
6678
1187
4117
6791
4356
6698
7886
4856
2157
3139
6510
1283
2271
9115
5587
2930
5716
6688
1247
2069
1480
1685
6237
4154
2744
1537
9907
9659
5423
1441
8847
9177
5058
9748
8032
1270
2533
3905
2635
67
738
203
6614
1637
4751
3144
1365
145
2663
6268
9364
293
4846
9312
2872
9266
325
2210
383
2705
3579
4516
2580
1759
74
9788
9646
8911
3822
604
1214
2566
1030
388
3420
7942
7864
9641
404
7351
206
2960
5300
1353
7058
4485
7145
8516
8920
3899
7946
1258
864
9102
222
5053
9904
2116
3002
436
2754
3428
2388
7204
6946
7638
3771
312
234
2539
7711
5155
445
1438
3406
9132
3808
209
4601
5080
7733
1226
6636
1554
5651
5437
7732
6607
1503
7752
5640
1862
5770
7391
464
8395
3083
1223
7916
7223
7584
3600
8847
9405
1212
6188
3374
5905
8929
6463
1331
1629
6695
1402
8810
8973
5207
9353
6891
2900
7822
9383
5777
4611
1972
6708
6286
2482
4265
9293
2673
9402
5285
3094
3797
3260
5102
3176
8464
8610
1146
4360
4446
2037
7892
5557
4460
4029
321
1574
8814
7308
9389
3395
6428
1557
1562
2445
9989
9390
927
8721
8196
2488
8716
8245
9466
9566
4722
6764
5344
9677
131
9308
1081
1358
6088
8916
4864
5597
5192
4961
7086
9853
160
602
5621
8873
5974
6858
6365
9737
7732
8136
2516
6873
3269
3726
7002
3599
5888
3835
6805
8957
2000
9033
2603
824
2317
2984
6702
3486
7177
5985
2600
9271
4564
5245
5141
6620
1348
314
7117
3412
5189
747
7532
4355
2088
5849
6910
406
8438
6930
5529
1770
3995
8274
1630
8972
6127
8446
6240
2258
6067
4278
2239
1858
2554
6020
9115
6367
5057
8220
2326
1593
2915
6049
4749
6101
6318
4821
1602
3706
3935
9064
641
200
9587
9539
3163
8491
9105
6041
3230
7982
6797
7972
4854
9485
2312
3391
5746
5078
7292
3959
2043
7622
2546
1443
9919
7207
8968
958
3259
4999
8314
4478
6732
8499
9422
2289
1884
6072
1562
5885
3223
7039
2327
627
9785
8976
1816
6907
693
9233
1931
2929
7409
6595
7476
6131
3897
2764
8813
9304
9392
1127
8732
9937
5359
7235
316
4010
4015
1269
7862
6797
5958
4100
4654
2505
7336
3876
3357
3010
715
2606
7278
2044
3496
2926
9279
2412
381
9017
5216
1438
2831
998
103
7419
5973
8939
6552
1604
3333
6201
5098
4069
5655
9516
1143
7337
8994
2905
1426
8870
4742
8672
4786
36
8677
4333
2079
1277
6504
3750
2631
2580
533
6010
8430
2712
859
7712
1264
2542
4719
8634
8739
8990
3588
3581
1669
4964
8107
615
9080
9719
8885
8976
7227
4244
9551
910
292
5461
2704
6623
9262
5243
8929
6700
3685
2382
6657
8080
979
8771
3277
8853
3733
4248
1572
6821
8460
341
5462
94
2340
5651
3385
3525
4606
5818
4202
7767
4702
6757
3463
4345
7690
1830
9277
5438
8105
6800
4190
6086
2637
331
6932
1530
4916
97
688
2233
9586
3290
7154
7648
4417
9617
4771
5464
1959
480
9867
8318
2473
6181
9427
2368
9831
9957
8989
8928
3396
2408
3535
5323
4008
9510
7786
7680
6556
4567
4777
8241
5438
503
867
1472
7953
2390
3926
5204
3105
5856
4246
8414
1335
359
9829
1175
8881
8848
1114
5995
9818
2568
5001
7975
9182
3709
7054
9529
9736
1458
5537
8523
6448
2140
9509
9383
9861
3340
6292
9102
4788
4113
8966
3431
8670
2554
7366
8566
9638
3161
3799
9180
543
6670
3754
4067
1899
6119
6002
2073
1452
7429
8814
2640
9582
2023
7766
737
3639
5990
2998
8003
3936
4236
1467
2071
4292
7361
2363
523
1899
6410
8028
1337
4936
5215
532
2835
1216
4123
2622
3443
8386
4812
5559
404
5567
5618
813
2896
4877
6832
5713
591
2264
7886
5515
500
7562
2561
6791
6960
3265
7160
4200
3498
451
7865
7786
4639
5725
6422
1691
2975
9096
3492
6389
3966
8852
6050
6569
2375
1071
3281
3383
4400
8519
3268
3200
380
2265
8673
6044
1673
3014
6665
9258
3869
3244
3292
1030
476
9373
4199
5743
8552
2891
7073
3027
284
2437
2688
7170
9320
9622
4914
4247
4883
2111
7158
4085
1226
9750
2694
695
1790
5007
9077
6420
266
4112
5058
5006
6841
9140
3433
3859
3738
6465
8518
6522
5915
4815
5530
4409
2252
800
7238
5370
8953
8254
9701
3826
1717
3609
8556
5791
367
744
3572
7768
7792
9791
9876
6931
5930
5221
6519
8224
2160
1356
2003
4015
2811
4978
9850
5467
2877
14
1467
9526
8865
840
2548
6734
5871
1473
44
7702
5009
1845
9955
3032
4397
9255
8678
370
2729
5140
5924
9832
3968
2837
9174
6233
790
9870
137
4682
7750
9318
7337
5974
925
9868
2602
7571
2815
9183
9357
2314
7437
5202
9579
5842
3212
2959
9803
5820
9175
9459
9638
1939
4220
7833
876
4184
2090
8359
1068
7854
3994
9759
1615
4777
9426
7443
9192
2925
1096
9337
3976
6494
7586
793
2614
960
4550
1746
6256
8885
5503
4657
6263
2589
6330
7623
9360
6898
1895
5019
7202
9043
3992
292
2250
1331
1586
2738
1196
7222
5661
8229
8246
3023
7073
2976
4421
8210
6163
4773
910
2939
7185
985
1571
8559
4115
4942
5057
3362
9946
8469
7986
5748
4196
2441
7073
2411
3914
5249
8572
8367
9888
488
1315
7988
5896
5042
3551
5906
5765
3071
8728
6679
1680
7412
8965
8263
2690
7486
9517
7602
8109
6710
9237
2193
5414
5786
2613
7336
1811
9106
711
7008
2207
3902
8421
5671
9275
5945
5766
9517
5888
9928
1352
4648
2678
8729
5562
1630
6270
6708
8193
858
7502
4898
458
5979
9341
6251
3196
3719
6495
4848
403
8405
2599
4468
4658
378
7525
6331
9589
9049
3496
500
7050
7119
2948
7625
6074
5229
6466
7109
4876
6827
9551
7302
1777
8980
6920
2796
5595
9194
4064
9405
2201
2503
2095
2910
4289
3991
8739
3873
378
8980
3741
7891
6706
4418
5949
7375
6890
2075
9391
4311
9619
4247
9029
6828
6299
5207
8333
9708
4678
867
9135
1366
5981
7216
4653
1869
2713
6108
1542
6369
9369
6361
8919
4107
9322
2414
8905
8128
4951
408
255
2997
4229
2792
2793
9808
9150
9335
4517
1540
139
282
9447
4142
535
7559
8610
4543
3070
2703
5613
1184
3249
9166
3784
1811
4255
7130
7849
4747
8016
1490
4916
5050
5752
7132
1563
643
4843
2128
3139
9379
9024
239
630
9981
6569
1137
4402
241
12
4578
1625
2121
8959
9647
5343
9984
2651
7639
4687
9540
3493
5192
6665
3541
4075
860
9847
5555
3280
1088
509
13
3580
4476
1385
6404
7374
3022
4441
9255
1683
127
8625
6689
4175
6233
2333
6286
6874
782
2287
3623
6363
3887
47
515
910
6565
4204
2161
9954
7451
809
45
104
2570
1328
5696
324
3776
28
6632
4959
8011
3161
5871
2154
8721
6119
5845
6278
3123
3851
6060
986
5187
7167
1259
5157
1888
4442
2729
5740
137
5960
7909
2379
9570
8584
1556
1707
6599
5163
1521
9334
3566
4939
3825
9675
8617
8160
3466
2380
1466
1297
3425
9328
9131
978
5797
1638
9614
8632
8028
4088
9887
2488
2910
3921
7367
5833
8930
6020
3425
8678
4518
3175
9565
8868
6453
2901
2011
5287
8191
2989
8112
1394
5872
1469
3910
458
7608
1772
5325
5440
6566
2616
9368
1768
5
2362
1614
8678
4655
8313
336
7297
9694
3856
2888
5436
8104
6547
7283
2324
4469
1335
1956
1179
4138
9759
7954
1872
2433
1230
5984
8842
4375
7766
530
6121
3463
7691
9939
7762
2050
2216
7810
2222
8063
4192
9423
1986
1181
2423
9351
2981
5489
9955
9052
4386
7411
3583
4387
8194
9157
7982
9738
7470
4340
6807
